0,592.230,571.300,653.230,671.300 
0,478.050,614.000,546.050,730.000 
0,660.980,709.590,733.980,751.590 
0,315.100,740.530,421.100,819.530 
0,142.370,678.780,215.370,747.780 
0,859.960,701.220,910.960,772.220 
0,374.510,428.450,428.510,483.450 
0,487.400,460.190,531.400,521.190 
0,759.220,535.650,822.220,585.650 
0,840.110,547.250,884.110,611.250 
0,103.420,621.940,159.420,677.940 
2,728.290,109.180,769.290,150.180 
2,517.640,66.990,582.640,132.990 
2,427.230,251.450,482.230,308.450 
2,285.210,197.250,332.210,245.250 
2,984.630,91.240,1026.630,145.240 
2,878.360,449.490,956.360,530.490 
2,916.500,384.950,990.500,458.950 
2,711.840,589.270,802.840,664.270 
2,392.260,56.720,433.260,92.720 
2,471.090,58.350,505.090,96.350 
2,151.910,553.340,198.910,601.340 
2,291.490,458.630,335.490,502.630 
2,27.130,711.160,101.130,782.160 
2,319.170,549.200,389.170,624.200 
2,780.630,416.230,851.630,493.230 
2,243.470,477.060,283.470,527.070 
2,101.520,391.060,149.520,425.060 
2,154.600,283.190,181.600,322.190 
2,806.160,258.270,854.160,291.270 
2,607.500,169.250,655.500,204.250 
2,767.510,723.090,799.510,766.090 
1,539.740,217.500,564.740,242.500 
1,575.450,508.230,611.450,545.230 
1,657.560,488.390,681.560,510.390 
1,778.320,330.240,799.320,351.240 
1,751.120,180.370,789.120,218.370 
1,886.520,66.360,912.520,92.360 
1,805.310,84.190,832.310,113.190 
1,830.790,80.140,857.790,105.140 
1,585.070,16.290,614.070,46.290 
1,423.350,137.900,454.350,168.900 
1,412.430,216.070,441.430,245.070 
1,477.340,337.610,500.340,359.610 
1,436.460,369.480,453.460,386.480 
1,363.570,373.320,383.570,393.320 
1,396.470,386.200,421.470,411.200 
1,230.740,293.370,253.740,317.370 
1,176.370,376.780,197.370,397.780 
1,91.390,320.970,114.390,342.970 
1,56.050,328.990,83.050,354.990 
1,112.590,441.450,138.590,466.450 
1,101.500,486.280,128.500,512.280 
1,103.520,257.490,123.520,278.490 
1,128.480,164.720,153.480,189.720 
1,93.710,167.350,118.710,195.350 
1,107.250,80.910,137.250,109.910 
1,165.670,119.510,186.670,140.510 
1,173.360,24.970,204.360,54.970 
1,220.720,89.000,247.720,115.000 
1,304.240,141.360,328.240,165.360 
1,660.400,260.580,681.400,280.580 
1,629.900,74.020,668.900,114.020 
1,260.170,232.010,280.170,252.010 
1,889.400,288.280,916.400,318.280 
1,492.400,7.300,513.400,26.300 
1,631.670,413.300,652.670,433.300 
1,621.590,462.330,645.590,484.330 
1,547.270,394.930,566.270,416.930 
1,316.400,729.180,337.400,752.180 
1,326.160,241.940,346.160,261.940 
1,47.720,569.520,72.720,594.520 
1,846.700,149.180,869.700,172.180 
1,732.700,303.320,759.700,331.320 
1,575.500,253.460,599.500,278.460 
1,639.500,277.460,663.500,302.460 
1,350.370,96.630,371.370,116.630 
1,345.540,441.190,369.540,464.190 
1,240.710,259.240,271.710,282.240 
1,759.780,378.440,777.780,400.440 
1,630.670,346.460,660.670,373.460 
1,849.610,315.940,877.610,339.940 
1,850.230,356.950,878.230,378.950 
1,950.320,5.970,975.320,25.980 
1,818.670,5.910,841.670,29.910 
1,15.300,75.260,38.300,99.260 
1,201.420,107.890,221.420,130.890 
1,236.760,334.970,263.760,356.970 
1,629.200,816.570,655.200,844.570 
