0,89.550,406.980,121.550,440.980 
0,91.330,354.030,110.330,370.030 
0,174.790,400.070,201.790,424.070 
0,279.630,402.260,324.630,439.260 
0,268.210,357.960,300.210,389.960 
0,342.220,325.300,383.220,377.300 
0,415.780,363.480,445.780,384.480 
0,398.490,313.000,431.490,335.000 
0,608.730,217.260,639.730,241.260 
0,635.480,229.460,670.480,254.460 
0,519.590,177.370,556.590,217.370 
0,428.740,102.120,451.740,119.120 
0,663.460,66.460,703.460,101.460 
0,753.730,222.980,807.730,268.980 
0,815.660,36.270,848.660,73.270 
0,691.810,149.240,747.810,173.240 
0,840.410,286.420,889.410,348.420 
0,699.400,296.380,750.400,326.380 
0,634.450,329.330,679.450,357.330 
0,695.530,369.450,727.530,389.450 
0,913.330,152.440,932.330,175.440 
0,934.660,109.080,984.660,136.080 
0,973.380,55.160,1000.380,70.160 
0,965.620,180.170,993.620,205.170 
0,771.640,435.300,824.640,479.300 
0,694.340,463.880,723.340,499.880 
0,717.610,472.150,745.610,493.150 
0,566.460,424.160,595.460,441.160 
0,482.560,441.430,504.560,469.430 
0,446.180,442.660,463.180,457.660 
0,411.410,534.510,446.410,561.510 
0,446.640,526.070,472.640,551.070 
0,246.420,577.970,308.420,626.970 
0,15.670,560.010,55.670,584.010 
0,248.350,483.540,265.350,512.540 
0,158.130,686.520,190.130,721.520 
0,385.620,674.190,430.620,715.190 
0,448.350,735.500,521.350,804.500 
0,550.440,749.980,600.440,801.980 
0,545.590,867.250,573.590,891.250 
0,569.740,920.510,606.740,951.510 
0,360.320,881.240,381.320,909.240 
0,311.710,843.130,336.710,862.130 
0,205.390,784.370,228.390,806.370 
0,835.190,816.910,882.190,861.910 
0,965.970,940.240,1004.970,970.240 
0,913.590,749.390,965.590,789.390 
0,971.210,668.530,993.210,694.530 
0,952.140,657.900,972.140,684.900 
2,154.600,860.990,220.600,874.990 
2,568.320,900.850,625.320,913.850 
2,476.130,680.990,539.130,694.990 
2,714.590,16.890,756.590,33.890 
1,986.340,599.390,1007.340,619.390 
1,931.180,379.660,953.180,401.660 
1,561.520,97.350,577.520,113.350 
1,41.460,133.210,65.460,148.210 
1,533.250,287.780,544.250,305.780 
1,530.260,318.310,551.260,335.310 
1,498.290,394.310,515.290,412.310 
1,508.550,331.070,522.550,345.070 
1,615.190,396.380,637.190,418.380 
1,286.970,334.240,307.970,355.240 
1,208.490,598.960,226.490,616.960 
1,179.780,628.400,197.780,646.400 
1,347.640,624.820,360.640,637.820 
1,331.370,635.200,350.370,654.200 
1,304.340,647.230,322.340,666.230 
1,177.490,731.120,197.490,750.120 
1,239.530,734.450,251.530,745.450 
1,80.610,927.190,99.610,946.190 
1,744.550,772.380,758.550,786.380 
1,734.470,746.970,752.470,764.970 
1,771.780,735.580,793.780,757.580 
1,705.240,703.370,720.240,719.370 
1,682.460,691.510,699.460,708.510 
1,790.630,687.850,809.630,706.850 
1,798.610,663.600,820.610,685.600 
1,751.390,658.000,763.390,670.000 
1,822.160,583.340,838.160,599.340 
1,670.170,577.980,690.170,597.980 
1,702.220,611.200,722.220,630.200 
1,909.190,944.990,931.190,966.990 
1,851.170,962.290,869.170,980.290 
1,895.620,975.190,908.620,987.190 
1,913.690,976.350,934.690,998.350 
1,845.550,984.380,862.550,1002.380 
